[168.48299929  81.58630009 115.99560012 127.66600094 120.49270144
 154.72149729 150.2874978  126.15390009 117.4625987  125.76470119
 116.77850112 172.0949008  141.34769832 167.98679896 114.96539996
 117.60260047 138.19510315 170.13060023 159.19140342 157.14099918
 155.1621003  125.65310044 175.69139947 157.77340381 125.22190051
  93.74819988  77.3678999  120.5717     119.05689937 167.53369996
  88.06600079 125.39990009  91.06610064 117.72400015 120.9438991
 136.03680088 115.61500119 115.16650046 147.10059983 107.19850075
 104.5741026   87.25489797 126.70710046 117.98950007 151.72449892
 119.80580001 108.2306001  108.10219832  93.08460023 127.37109713
  74.73390027 113.71149956 121.43780021 111.28219928 118.83999913
 120.2765992  159.8394004  168.89370056 147.08799651  85.99569848
  94.31420047  86.8904984   90.7055     118.96570066 126.44470059
 127.5174     169.98850072 122.21599959 117.5193988   98.49590018
 168.23810153 143.01149876 131.8200025  121.11340207 120.65789951
 119.69810069 114.46820176 118.47310022 107.14400065 127.81890003
 114.06779972 107.53650007 116.6804005  119.59049876  89.39580051
  88.19599857 146.37940233 127.21790007 113.23590025 109.98439833
 108.3196991   77.4773989  169.64300214 114.00339924 121.66059909
 128.03840182 154.97239825  91.73969961 137.76480162 158.38180306
 125.5951006  125.3447004  130.57150116 114.78740133 119.7385998
  92.20239978 110.03619896 168.33530078 157.61809986 114.14949949
 106.69660126  79.76149949 113.11380063 125.86350061 107.22919962
 119.42560064 156.23220308 159.7001985  120.4861996  134.21240305
 101.54049981 117.45249806 119.35370029 112.90810095 102.78039947
 160.39629729  98.98250073 145.70179796 125.38090087 169.27819873
 125.63069914 127.36079732 127.32120168 113.64809959 112.97310084
 123.48599889 102.04439907  89.55179978 124.48059923 101.34409937
 107.2377992  113.33990074 117.3715009   99.00129937 121.78040043
 163.67209907  87.44439844 106.97009944 117.22980091 127.646801
 124.06820061  80.84799915 120.33550096 157.66319856  88.08229957
 110.4269994  118.53509924 172.30649879 102.9730991  105.46130051
 122.13290016 158.20789792  87.32659834  93.21620068 112.71230022
 177.36899859 114.66709941 119.39130026  94.59710101 125.78379971
 166.43720088 114.52320107 116.57710131  88.23629849 148.81680098
 120.28619921  89.5155999  112.55810029 117.5706003  118.67600125
  87.95439927  93.97279996 117.17669985 118.68020168 120.42030022
 126.59619871 121.86909989 149.26150036 165.28290022 118.54609957
 120.50820165 150.84040143 118.15019927 172.92119877 105.58709956
 105.04000075 149.38920119 113.70710078 124.86110127 146.8768004
 119.60680124 115.35550088 112.70040026 113.30050221 140.04060144
 117.69089783 102.93990035 115.85880115 103.80650198  98.62240023
 117.64320072  90.61800009  91.82249992 153.75159869 102.7309997
 154.42420071 114.30260145 138.08960161  90.07299836 115.53199944
 114.70619973 122.71370059 121.6567004  165.6576013   92.85869975
 135.73370101 121.4112991  120.90950036 104.82940001 141.85760319
 121.90349909 116.56300028 113.20580086 126.90579804 122.70659963
 125.71699951 121.24720046  86.91329872 132.56850153 143.00640257
  92.78489961 159.97279919 157.89120246 126.62199898 165.21979978
 108.94619968 109.43100077 103.76449833  94.2071008  127.99130287
 107.17970049 162.95019909 121.80420039 132.00910016 130.68610108
 160.22120018  90.22389889 174.58110161 127.54180073 126.6469989
  86.33869909 124.65479954 150.23169732  89.68420012 107.3547996
 108.83659988  83.71399904 136.2788006  155.18750195 138.61390351
  74.14610031 151.74680179 126.05819973 126.81929982 127.38999944
 108.54699908 156.48870067 114.57870099 117.06660143 125.18789977
 153.98170126 121.40459998 156.40749857  92.97330049 125.61850171
 125.93510037  88.08470073  92.28479921 126.02939995 128.03260296
 113.16890023 117.77919798 120.94260001 127.04829801 119.79160114
 136.22980024  93.99779966 119.74310037 113.00340094  94.22959948
 108.63849979  87.29939933 108.94309965  89.71030018  92.38510025
 131.37410293 162.54770123  89.30080007 119.64130081 133.31630176
 123.8740004  128.19320229 101.84199843  88.86489885 131.7859008
 119.88500053 108.70579955 167.64850114 115.28680025  86.59009885
 118.74310054  90.94439944 161.82430035 116.65670039 121.88589987
 160.47929774 120.04919957 112.47169946 108.46419893 126.56529988
  75.81240035 103.01459983 127.87340263 121.85379893  92.58830027
 132.06410044 117.94190108 116.17739981 154.26280217 159.88800065
 110.03019942 154.61779734 119.31850098 160.57670171 118.69540025
 158.18249916 115.11009907 116.49990026 149.49389889 114.77530073
 125.69749852 165.46979919 117.84289975 125.07399959 153.47740326
 153.4936021  132.21980035 114.78960045 121.16850191 125.04030069
  89.89040041 122.82750002 155.07830151 111.78530052 106.86769963
 161.66090122 118.2959995  165.62370023 134.16510032 114.9559
 153.07779932 168.73909992 114.6360002  114.03870119 157.03389884
  85.21969881 127.16820093 127.81010089 129.01800047 124.4715011
 123.95270045  90.60210059 153.06730072  97.11539967 137.2767998
  89.07839946 107.46440022 115.13640056 112.57110083 124.30269932
  91.36969915 125.34270132 162.56639939 119.93229887 165.14260067
 126.5888985  112.2934     127.53669927  94.94819918  90.93330023
 103.28259913 120.91        82.8134995  126.22919946 160.26090461
 117.32550084 118.35369979 119.71909989 123.22519973 120.09540148
 121.49269968 118.08870054 107.12939963 148.30890023 126.24799874
 115.78740084  73.74060019 127.85550132 154.1713006  122.02589998
 125.67950037  88.85830025 102.74959864 124.68220023 120.20130024
  73.37100095 151.26529995 121.3924002  104.90950001  86.63949797
 115.09119905 172.18699846 119.98110057 159.73119832 113.11549976
 120.92260032 118.72510108  95.91919998 118.85789996 125.95060086
 118.53699959  96.16440049 154.23050149 122.51849991 147.75639948
 159.15810198 113.60840037 122.45929937 148.31319834 127.48150014
 165.99480001 135.51470052 119.91499945 167.989699   108.23239929
 121.65229867 138.2879015  106.78029908]